200 100
201.545 101.485
203.178 102.94
204.897 104.365
206.701 105.76
208.587 107.125
210.555 108.46
212.602 109.765
214.726 111.04
216.926 112.285
219.2 113.5
221.546 114.685
223.962 115.84
226.446 116.965
228.997 118.06
231.613 119.125
234.291 120.16
237.031 121.165
239.83 122.14
242.687 123.085
245.6 124
248.567 124.885
251.586 125.74
254.655 126.565
257.773 127.36
260.938 128.125
264.147 128.86
267.4 129.565
270.694 130.24
274.028 130.885
277.4 131.5
280.808 132.085
284.25 132.64
287.724 133.165
291.229 133.66
294.763 134.125
298.323 134.56
301.909 134.965
305.518 135.34
309.149 135.685
312.8 136
316.469 136.285
320.154 136.54
323.853 136.765
327.565 136.96
331.288 137.125
335.019 137.26
338.758 137.365
342.502 137.44
346.25 137.485
350 137.5
353.75 137.485
357.498 137.44
361.242 137.365
364.981 137.26
368.712 137.125
372.435 136.96
376.147 136.765
379.846 136.54
383.531 136.285
387.2 136
390.851 135.685
394.482 135.34
398.091 134.965
401.677 134.56
405.237 134.125
408.771 133.66
412.276 133.165
415.75 132.64
419.192 132.085
422.6 131.5
425.972 130.885
429.306 130.24
432.6 129.565
435.853 128.86
439.062 128.125
442.227 127.36
445.345 126.565
448.414 125.74
451.433 124.885
454.4 124
457.313 123.085
460.17 122.14
462.969 121.165
465.709 120.16
468.388 119.125
471.003 118.06
473.554 116.965
476.038 115.84
478.454 114.685
480.8 113.5
483.074 112.285
485.274 111.04
487.398 109.765
489.445 108.46
491.413 107.125
493.299 105.76
495.103 104.365
496.822 102.94
498.455 101.485
